{
    "time_simulated": "0:10:00",
    "num_samples": 30,
    "average_power": 4.646127252614794,
    "min_loss": 0.0,
    "average_loss": 0.0,
    "max_loss": 0.0,
    "system_power_efficiency": 0,
    "total_energy_consumed": 0.7743545421024657,
    "carbon_emissions": 0,
    "total_cost": 72.78932695763177,
    "avg_concurrent_jobs_per_active_node": 1.0,
    "max_concurrent_jobs_per_node": 1
}{
    "jobs_total": 20,
    "jobs_completed": 2,
    "throughput": 12.0,
    "jobs_still_running": [
        6,
        9,
        3,
        20,
        2,
        11,
        17,
        13,
        5,
        10,
        19,
        12,
        8,
        18,
        7,
        15
    ],
    "jobs_still_in_queue": [
        1,
        4
    ],
    "jobs <= 5 nodes": 0,
    "jobs <= 50 nodes": 0,
    "jobs <= 250 nodes": 2,
    "jobs <= 4500 nodes": 0,
    "jobs > 4500 nodes": 0,
    "min_job_size": 84,
    "max_job_size": 160,
    "average_job_size": 122.0,
    "min_runtime": 430,
    "max_runtime": 432,
    "average_runtime": 431.0,
    "min_energy": 50244616.41553966,
    "max_energy": 85455666.65112838,
    "avg_energy": 67850141.53333402,
    "min_edp": 21605185058.682053,
    "max_edp": 36916847993.28746,
    "avg_edp": 29261016525.984756,
    "min_edp^2": 9290229575233.283,
    "max_edp^2": 15948078333100.184,
    "avg_edp^2": 12619153954166.734,
    "min_aggregate_node_hours": 36120,
    "max_aggregate_node_hours": 69120,
    "avg_aggregate_node_hours": 52620.0,
    "min_cpu_util": 0.6499872862641203,
    "max_cpu_util": 0.6874053265987687,
    "avg_cpu_util": 0.6686963064314445,
    "min_gpu_util": 2.543828471480113,
    "max_gpu_util": 3.199036707553959,
    "avg_gpu_util": 2.871432589517036,
    "min_ntx_util": 12500000000.0,
    "max_ntx_util": 75000000000.0,
    "avg_ntx_util": 43750000000.0,
    "min_nrx_util": 12500000000.0,
    "max_nrx_util": 75000000000.0,
    "avg_nrx_util": 43750000000.0,
    "min_wait_time": 0,
    "max_wait_time": 0,
    "average_wait_time": 0.0,
    "min_turnaround_time": 430,
    "max_turnaround_time": 432,
    "average_turnaround_time": 431.0,
    "min_area_weighted_response_time": 15531600,
    "max_area_weighted_response_time": 29859840,
    "area_weighted_avg_response_time": 431.31356898517674,
    "priority_weighted_specific_response_time": 323.4883102408059
}