{
    "time_simulated": "0:10:00",
    "num_samples": 40,
    "average_power": 15.577698527627359,
    "min_loss": 0.6922381267942838,
    "average_loss": 1.0613058972355403,
    "max_loss": 1.2833128335151303,
    "system_power_efficiency": 93.18701735462852,
    "total_energy_consumed": 2.596283087937893,
    "carbon_emissions": 1.0771081655610473,
    "total_cost": 244.05061026616195,
    "avg_concurrent_jobs_per_active_node": 1.0,
    "max_concurrent_jobs_per_node": 1
}{
    "jobs_total": 19,
    "jobs_completed": 2,
    "throughput": 12.0,
    "jobs_still_running": [
        19,
        18,
        10,
        1,
        2,
        13,
        7,
        8,
        14,
        9,
        20,
        17,
        11,
        12
    ],
    "jobs_still_in_queue": [
        4,
        5,
        6
    ],
    "jobs <= 5 nodes": 0,
    "jobs <= 50 nodes": 1,
    "jobs <= 250 nodes": 0,
    "jobs <= 4500 nodes": 1,
    "jobs > 4500 nodes": 0,
    "min_job_size": 29,
    "max_job_size": 1468,
    "average_job_size": 748.5,
    "min_runtime": 414,
    "max_runtime": 467,
    "average_runtime": 440.5,
    "min_energy": 25504464.464606795,
    "max_energy": 1357472137.7542295,
    "avg_energy": 691488301.1094182,
    "min_edp": 10558848288.347214,
    "max_edp": 633939488331.2252,
    "avg_edp": 322249168309.7862,
    "min_edp^2": 4371363191375.746,
    "max_edp^2": 296049741050682.2,
    "avg_edp^2": 150210552121028.97,
    "min_aggregate_node_hours": 12006,
    "max_aggregate_node_hours": 685556,
    "avg_aggregate_node_hours": 348781.0,
    "min_cpu_util": 0.5933267437971785,
    "max_cpu_util": 0.6131183192953207,
    "avg_cpu_util": 0.6032225315462496,
    "min_gpu_util": 2.518884638011984,
    "max_gpu_util": 2.8281193646097234,
    "avg_gpu_util": 2.6735020013108537,
    "min_ntx_util": 18750000000.0,
    "max_ntx_util": 262499999999.99997,
    "avg_ntx_util": 140625000000.0,
    "min_nrx_util": 18750000000.0,
    "max_nrx_util": 262499999999.99997,
    "avg_nrx_util": 140625000000.0,
    "min_wait_time": 0,
    "max_wait_time": 0,
    "average_wait_time": 0.0,
    "min_turnaround_time": 414,
    "max_turnaround_time": 467,
    "average_turnaround_time": 440.5,
    "min_area_weighted_response_time": 4970484,
    "max_area_weighted_response_time": 320154652,
    "area_weighted_avg_response_time": 466.08779721372434,
    "priority_weighted_specific_response_time": 349.7103366866625
}