{
    "time_simulated": "0:10:00",
    "num_samples": 40,
    "average_power": 16.403776428868337,
    "min_loss": 0.640182331894996,
    "average_loss": 1.1102097089890073,
    "max_loss": 1.3657266601843334,
    "system_power_efficiency": 93.23198707442029,
    "total_energy_consumed": 2.733962738144723,
    "carbon_emissions": 1.1336796109639253,
    "total_cost": 256.99249738560394,
    "avg_concurrent_jobs_per_active_node": 1.0,
    "max_concurrent_jobs_per_node": 1
}{
    "jobs_total": 19,
    "jobs_completed": 4,
    "throughput": 24.0,
    "jobs_still_running": [
        8,
        6,
        10,
        15,
        20,
        5,
        2,
        19,
        16,
        12,
        3,
        9,
        13
    ],
    "jobs_still_in_queue": [
        4,
        11
    ],
    "jobs <= 5 nodes": 0,
    "jobs <= 50 nodes": 0,
    "jobs <= 250 nodes": 1,
    "jobs <= 4500 nodes": 3,
    "jobs > 4500 nodes": 0,
    "min_job_size": 173,
    "max_job_size": 1517,
    "average_job_size": 762.5,
    "min_runtime": 424,
    "max_runtime": 582,
    "average_runtime": 489.25,
    "min_energy": 142941041.43888268,
    "max_energy": 1414148365.7231548,
    "avg_energy": 721264061.6174786,
    "min_edp": 75186987796.8523,
    "max_edp": 601013055432.3408,
    "avg_edp": 347249373750.57074,
    "min_edp^2": 39548355581144.305,
    "max_edp^2": 321014977411609.25,
    "avg_edp^2": 171088354905322.84,
    "min_aggregate_node_hours": 90998,
    "max_aggregate_node_hours": 644725,
    "avg_aggregate_node_hours": 359572.25,
    "min_cpu_util": 0.3164238242627656,
    "max_cpu_util": 0.5901396138336483,
    "avg_cpu_util": 0.4960559731794246,
    "min_gpu_util": 1.695524796114736,
    "max_gpu_util": 2.97294100065051,
    "avg_gpu_util": 2.2952199815871386,
    "min_ntx_util": 18750000000.0,
    "max_ntx_util": 262499999999.99997,
    "avg_ntx_util": 103125000000.0,
    "min_nrx_util": 18750000000.0,
    "max_nrx_util": 262499999999.99997,
    "avg_nrx_util": 103125000000.0,
    "min_wait_time": 0,
    "max_wait_time": 0,
    "average_wait_time": 0.0,
    "min_turnaround_time": 424,
    "max_turnaround_time": 582,
    "average_turnaround_time": 489.25,
    "min_area_weighted_response_time": 47864948,
    "max_area_weighted_response_time": 274008125,
    "area_weighted_avg_response_time": 481.85725469637885,
    "priority_weighted_specific_response_time": 378.3866455039991
}