{
    "time_simulated": "0:10:00",
    "num_samples": 40,
    "average_power": 15.83021376326918,
    "min_loss": 0.6056424088856789,
    "average_loss": 1.0762547991855371,
    "max_loss": 1.3059802939932226,
    "system_power_efficiency": 93.20126174364891,
    "total_energy_consumed": 2.638368960544863,
    "carbon_emissions": 1.0944008522465078,
    "total_cost": 248.00668229121712,
    "avg_concurrent_jobs_per_active_node": 1.0,
    "max_concurrent_jobs_per_node": 1
}{
    "jobs_total": 20,
    "jobs_completed": 3,
    "throughput": 18.0,
    "jobs_still_running": [
        11,
        8,
        14,
        10,
        18,
        19,
        20,
        2,
        15,
        7,
        17,
        5,
        12,
        9,
        3,
        16,
        4
    ],
    "jobs_still_in_queue": [],
    "jobs <= 5 nodes": 0,
    "jobs <= 50 nodes": 0,
    "jobs <= 250 nodes": 0,
    "jobs <= 4500 nodes": 3,
    "jobs > 4500 nodes": 0,
    "min_job_size": 829,
    "max_job_size": 2029,
    "average_job_size": 1591.3333333333333,
    "min_runtime": 308,
    "max_runtime": 448,
    "average_runtime": 368.0,
    "min_energy": 546414232.9999793,
    "max_energy": 1502382627.3311656,
    "avg_energy": 1153885343.0504827,
    "min_edp": 190152153083.99277,
    "max_edp": 673067417044.3622,
    "avg_edp": 432793398041.66943,
    "min_edp^2": 66172949273229.484,
    "max_edp^2": 301534202835874.25,
    "avg_edp^2": 167245541433357.66,
    "min_aggregate_node_hours": 288492,
    "max_aggregate_node_hours": 858368,
    "avg_aggregate_node_hours": 590597.3333333334,
    "min_cpu_util": 0.34513278972211614,
    "max_cpu_util": 0.5196738290438905,
    "avg_cpu_util": 0.4543472759058398,
    "min_gpu_util": 2.1488866729907503,
    "max_gpu_util": 3.1458117771956804,
    "avg_gpu_util": 2.5612128580680396,
    "min_ntx_util": 112500000000.0,
    "max_ntx_util": 262499999999.99997,
    "avg_ntx_util": 212499999999.99997,
    "min_nrx_util": 112500000000.0,
    "max_nrx_util": 262499999999.99997,
    "avg_nrx_util": 212499999999.99997,
    "min_wait_time": 0,
    "max_wait_time": 0,
    "average_wait_time": 0.0,
    "min_turnaround_time": 308,
    "max_turnaround_time": 448,
    "average_turnaround_time": 368.0,
    "min_area_weighted_response_time": 100395216,
    "max_area_weighted_response_time": 384548864,
    "area_weighted_avg_response_time": 382.33784552588565,
    "priority_weighted_specific_response_time": 302.8100494853937
}