{
    "time_simulated": "0:10:00",
    "num_samples": 30,
    "average_power": 4.387651506507222,
    "min_loss": 0.0,
    "average_loss": 0.0,
    "max_loss": 0.0,
    "system_power_efficiency": 0,
    "total_energy_consumed": 0.731275251084537,
    "carbon_emissions": 0,
    "total_cost": 68.73987360194647,
    "avg_concurrent_jobs_per_active_node": 1.0,
    "max_concurrent_jobs_per_node": 1
}{
    "jobs_total": 20,
    "jobs_completed": 4,
    "throughput": 24.0,
    "jobs_still_running": [
        1,
        17,
        4,
        16,
        15,
        20,
        13,
        11,
        8,
        7,
        3,
        9
    ],
    "jobs_still_in_queue": [
        18,
        2,
        5,
        6
    ],
    "jobs <= 5 nodes": 0,
    "jobs <= 50 nodes": 0,
    "jobs <= 250 nodes": 2,
    "jobs <= 4500 nodes": 2,
    "jobs > 4500 nodes": 0,
    "min_job_size": 57,
    "max_job_size": 566,
    "average_job_size": 251.5,
    "min_runtime": 317,
    "max_runtime": 592,
    "average_runtime": 394.0,
    "min_energy": 40230886.993084684,
    "max_energy": 185028542.6140432,
    "avg_energy": 95758306.38319835,
    "min_edp": 15893762688.24534,
    "max_edp": 58654048008.651695,
    "avg_edp": 33855756849.54487,
    "min_edp^2": 5213154161744.472,
    "max_edp^2": 18593333218742.586,
    "avg_edp^2": 12617201793124.514,
    "min_aggregate_node_hours": 33744,
    "max_aggregate_node_hours": 179422,
    "avg_aggregate_node_hours": 85445.5,
    "min_cpu_util": 0.38510673232541914,
    "max_cpu_util": 0.6626304847916394,
    "avg_cpu_util": 0.5229665606959646,
    "min_gpu_util": 1.7596013149600784,
    "max_gpu_util": 3.0768810803389295,
    "avg_gpu_util": 2.432752814510974,
    "min_ntx_util": 12500000000.0,
    "max_ntx_util": 75000000000.0,
    "avg_ntx_util": 59375000000.0,
    "min_nrx_util": 12500000000.0,
    "max_nrx_util": 75000000000.0,
    "avg_nrx_util": 59375000000.0,
    "min_wait_time": 0,
    "max_wait_time": 0,
    "average_wait_time": 0.0,
    "min_turnaround_time": 317,
    "max_turnaround_time": 592,
    "average_turnaround_time": 394.0,
    "min_area_weighted_response_time": 11941824,
    "max_area_weighted_response_time": 56876774,
    "area_weighted_avg_response_time": 351.25769642637704,
    "priority_weighted_specific_response_time": 297.39188183130153
}