{
    "time_simulated": "0:10:00",
    "num_samples": 30,
    "average_power": 4.527724656342364,
    "min_loss": 0.0,
    "average_loss": 0.0,
    "max_loss": 0.0,
    "system_power_efficiency": 0,
    "total_energy_consumed": 0.7546207760570606,
    "carbon_emissions": 0,
    "total_cost": 70.93435294936369,
    "avg_concurrent_jobs_per_active_node": 1.0,
    "max_concurrent_jobs_per_node": 1
}{
    "jobs_total": 18,
    "jobs_completed": 4,
    "throughput": 24.0,
    "jobs_still_running": [
        18,
        20,
        1,
        7,
        14,
        17,
        10,
        16,
        19,
        13,
        2,
        5
    ],
    "jobs_still_in_queue": [
        3,
        4
    ],
    "jobs <= 5 nodes": 0,
    "jobs <= 50 nodes": 0,
    "jobs <= 250 nodes": 1,
    "jobs <= 4500 nodes": 3,
    "jobs > 4500 nodes": 0,
    "min_job_size": 233,
    "max_job_size": 523,
    "average_job_size": 422.0,
    "min_runtime": 383,
    "max_runtime": 536,
    "average_runtime": 466.75,
    "min_energy": 112197177.40951827,
    "max_energy": 287722227.6974747,
    "avg_energy": 214475488.988351,
    "min_edp": 42971518947.8455,
    "max_edp": 152780502907.35907,
    "avg_edp": 104834323028.97101,
    "min_edp^2": 16458091757024.826,
    "max_edp^2": 81126447043807.67,
    "avg_edp^2": 52074176363619.25,
    "min_aggregate_node_hours": 89239,
    "max_aggregate_node_hours": 277713,
    "avg_aggregate_node_hours": 204220.25,
    "min_cpu_util": 0.3084444022282288,
    "max_cpu_util": 0.585099186291157,
    "avg_cpu_util": 0.4372414691883222,
    "min_gpu_util": 1.7605641890334618,
    "max_gpu_util": 2.932263224396381,
    "avg_gpu_util": 2.067175272758858,
    "min_ntx_util": 12500000000.0,
    "max_ntx_util": 75000000000.0,
    "avg_ntx_util": 59375000000.0,
    "min_nrx_util": 12500000000.0,
    "max_nrx_util": 75000000000.0,
    "avg_nrx_util": 59375000000.0,
    "min_wait_time": 0,
    "max_wait_time": 0,
    "average_wait_time": 0.0,
    "min_turnaround_time": 383,
    "max_turnaround_time": 536,
    "average_turnaround_time": 466.75,
    "min_area_weighted_response_time": 34178537,
    "max_area_weighted_response_time": 147957440,
    "area_weighted_avg_response_time": 492.2544324081476,
    "priority_weighted_specific_response_time": 379.6325698273508
}